phase_color = ["#A2142F", "#FF0000","#00FF00", "#0000FF","#00FFFF", "#FF00FF", "#FFFF00",	"#0072BD", "#D95319", "#EDB120"	, "#7E2F8E", "#77AC30", "#A2142F", "#A2142F", "#FF0000","#00FF00", "#0000FF","#00FFFF", "#FF00FF", "#FFFF00",	"#0072BD", "#D95319", "#EDB120"	, "#7E2F8E", "#77AC30", "#A2142F"];
